-1
2
7
11
13
17
29
41
53
67
73
79
101
107
109
113
131
139
163
167
173
179
181
191
199
211
233
239
241
263
277
281
307
311
313
349
359
367
397
401
409
431
433
457
461
463
479
487
491
499
509
521
541
547
557
563
569
577
599
613
641
653
661
709
719
733
739
743
757
761
773
787
797
811
821
823
827
829
859
863
877
911
941
947
967
997
1013
1019
1063
1069
1091
1093
1117
1129
1153
1171
1187
1193
1201
1213
1217
1231
1249
1259
1279
1289
1297
1301
1319
1327
1367
1373
1381
1423
1427
1429
1487
1493
1523
1531
1549
1559
1567
1607
1621
1637
1657
1667
1693
1697
1699
1709
1723
1733
1741
1747
1753
1783
1787
1811
1847
1871
1877
1879
1901
1949
1973
1979
2003
2017
2027
2029
2063
2081
2083
2089
2099
2129
2143
2161
2179
2203
2207
2221
2243
2269
2281
2287
2293
2297
2339
2341
2357
2383
2417
2423
2437
2447
2477
2503
2531
2543
2549
2557
2579
2593
2617
2621
2647
2659
2663
2671
2689
2699
2707
2711
2731
2777
2791
2801
2803
2843
2857
2861
2879
2887
2909
2917
2939
2953
2957
2969
2971
2999
3011
3019
3023
3037
3049
3061
3083
3089
3109
3119
3121
3163
3167
3169
3181
3191
3217
3251
3259
3271
3307
3323
3329
3331
3361
3373
3391
3407
3413
3433
3449
3461
3463
3469
3491
3511
3527
3529
3533
3547
3557
3571
3583
3593
3613
3631
3659
3673
3677
3691
3697
3719
3739
3761
3779
3793
3821
3851
3853
3863
3889
3907
3943
3989
4003
4007
4019
4027
4051
4057
4073
4079
4091
4093
4099
4111
4159
4177
4217
4219
4229
4241
4243
4253
4259
4289
4337
4357
4363
4373
4391
4397
4409
4483
4493
4507
4513
4517
4519
4549
4583
4597
4603
4639
4643
4651
4673
4679
4691
4703
4721
4783
4787
4799
4801
4813
4817
4861
4889
4903
4909
4919
4933
4937
4943
4951
4967
4969
4973
4987
4993
4999
5003
5021
5023
5039
5051
5059
5087
5107
5147
5153
5171
5231
5261
5279
5297
5333
5347
5381
5393
5399
5407
5431
5437
5441
5477
5483
5501
5503
5507
5519
5521
5531
5569
5581
5623
5641
5647
5651
5653
5659
5683
5693
5737
5741
5743
5783
5801
5813
5821
5851
5857
5879
5881
5897
5903
5923
5939
5987
6011
6043
6047
6067
6079
6089
6101
6121
6131
6163
6203
6211
6217
6247
6257
6263
6269
6277
6287
6299
6343
6359
6361
6397
6427
6449
6469
6473
6529
6551
6563
6571
6577
6637
6659
6691
6701
6719
6737
6761
6763
6779
6781
6793
6803
6823
6829
6833
6841
6857
6863
6883
6899
6907
6911
6949
6971
6977
6991
7001
7027
7039
7069
7103
7159
7193
7211
7219
7243
7253
7283
7321
7333
7369
7411
7433
7459
7489
7499
7523
7541
7573
7583
7589
7591
7607
7621
7639
7643
7669
7673
7687
7699
7717
7723
7741
7757
7759
7789
7793
7829
7841
7867
7873
7901
7907
7933
7951
7993
8011
8017
8053
8059
8089
8093
8101
8123
8161
8171
8179
8191
8209
8243
8287
8291
8293
8311
8317
8377
8389
8443
8447
8461
8467
8501
8521
8527
8563
8599
8609
8623
8647
8663
8681
8689
8693
8699
8731
8741
8747
8761
8779
8783
8803
8821
8831
8837
8839
8861
8893
8933
8941
8951
8971
9001
9013
9041
9043
9049
9059
9091
9103
9109
9127
9137
9157
9161
9173
9199
9239
9241
9283
9293
9337
9341
9343
9349
9371
9403
9419
9439
9463
9473
9479
9491
9497
9521
9539
9551
9619
9623
9629
9649
9677
9689
9697
9719
9721
9733
9743
9749
9781
9787
9791
9803
9817
9857
9887
9923
9941
9949
10007
10037
10039
10061
10067
10079
10091
10103
10111
10133
10139
10163
10169
10177
10193
10211
10223
10243
10247
10253
10259
10273
10303
10331
10357
10369
10391
10427
10429
10433
10459
10463
10477
10487
10501
10513
10529
10531
10559
10607
10627
10631
10639
10651
10657
10667
10687
10709
10723
10729
10771
10831
10837
10847
10861
10883
10903
10937
10957
10973
10979
10987
10993
11003
11027
11047
11059
11113
11131
11159
11171
11173
11177
11239
11243
11251
11299
11311
11321
11351
11353
11369
11383
11393
11411
11423
11443
11467
11491
11497
11503
11527
11551
11597
11617
11633
11689
11717
11719
11731
11743
11779
11801
11807
11813
11827
11833
11863
11887
11923
11927
11953
11959
11969
11971
11981
12011
12037
12041
12073
12097
12101
12107
12109
12157
12161
12163
12211
12227
12253
12263
12269
12277
12281
12323
12343
12347
12373
12377
12379
12401
12409
12413
12457
12473
12497
12553
12569
12601
12619
12637
12653
12659
12671
12703
12713
12721
12763
12781
12823
12829
12853
12889
12893
12917
12979
12983
13003
13007
13009
13033
13093
13121
13127
13147
13171
13177
13217
13219
13241
13249
13259
13309
13313
13331
13339
13367
13397
13417
13421
13451
13463
13499
13523
13537
13553
13577
13591
13597
13619
13627
13633
13649
13681
13693
13709
13721
13729
13751
13759
13781
13789
13799
13831
13841
13873
13879
13883
13903
13913
13921
13931
13963
13967
13997
13999
14009
14033
14081
14087
14107
14159
14173
14177
14207
14249
14293
14303
14321
14323
14327
14341
14347
14387
14401
14407
14419
14423
14447
14479
14489
14533
14543
14591
14593
14621
14629
14633
14657
14669
14713
14717
14737
14741
14759
14771
14827
14831
14851
14891
14939
14969
15013
15031
15053
15073
15077
15083
15091
15121
15131
15137
15173
15193
15227
15233
15241
15259
15263
15271
15287
15307
15359
15373
15377
15383
15413
15427
15439
15443
15493
15497
15511
15527
15559
15569
15583
15601
15643
15649
15679
15683
15727
15731
15749
15767
15787
15797
15817
15859
15881
15907
15913
15919
15923
15937
15971
16057
16061
16073
16091
16103
16141
16189
16193
16217
16231
16249
16253
16273
16361
16363
16369
16381
16427
16447
16453
16477
16493
16529
16567
16573
16607
16631
16633
16651
16657
16661
16691
16693
16703
16741
16747
16763
16823
16883
16901
16903
16927
16943
16979
16981
17011
17021
17077
17099
17117
17183
17191
17203
17231
17291
17299
17327
17333
17351
17359
17377
17387
17393
17401
17443
17449
17471
17483
17491
17497
17551
17569
17573
17597
17609
17627
17737
17749
17791
17837
17839
17851
17903
17909
17911
17921
17929
17939
17959
17971
17989
18041
18047
18059
18077
18089
18119
18131
18133
18149
18199
18211
18217
18229
18251
18253
18257
18287
18307
18311
18329
18341
18353
18371
18379
18397
18401
18413
18433
18439
18451
18457
18583
18587
18593
18617
18661
18679
18701
18713
18719
18731
18749
18773
18787
18793
18797
18839
18859
18973
18979
19001
19013
19037
19051
19069
19073
19081
19087
19141
19157
19183
19207
19211
19213
19231
19259
19289
19319
19333
19387
19403
19423
19429
19441
19457
19471
19489
19541
19543
19553
19559
19571
19583
19603
19609
19661
19681
19697
19699
19709
19717
19751
19793
19813
19853
19861
19867
19891
19913
19919
19949
19979
19997
20051
20101
20117
20123
20129
20147
20149
20173
20177
20219
20249
20261
20269
20287
20327
20333
20341
20347
20353
20359
20369
20393
20411
20431
20479
20509
20521
20533
20543
20551
20593
20599
20627
20639
20641
20663
20717
20731
20743
20749
20753
20759
20771
20773
20789
20849
20857
20879
20897
20899
20903
20921
20939
20947
20981
20983
21001
21023
21061
21089
21107
21179
21221
21227
21269
21277
21317
21341
21347
21379
21397
21407
21467
21487
21491
21493
21499
21517
21523
21529
21557
21569
21587
21611
21617
21649
21701
21713
21727
21737
21739
21751
21757
21773
21787
21799
21803
21817
21821
21839
21841
21851
21859
21863
21871
21881
21893
21937
21997
22013
22063
22079
22093
22129
22133
22153
22157
22171
22229
22247
22259
22283
22291
22303
22307
22349
22367
22391
22397
22441
22453
22481
22483
22511
22531
22541
22571
22613
22619
22621
22637
22639
22669
22691
22697
22717
22721
22739
22741
22751
22787
22807
22811
22817
22853
22861
22871
22877
22901
22907
22921
22963
22973
22993
23029
23071
23099
23117
23131
23143
23159
23173
23189
23203
23227
23269
23279
23291
23293
23321
23399
23447
23473
23531
23567
23581
23599
23609
23627
23629
23633
23663
23689
23719
23743
23747
23753
23773
23789
23813
23833
23857
23869
23887
23899
23911
23917
23957
23971
23977
23993
24001
24019
24049
24077
24083
24091
24103
24107
24121
24133
24137
24179
24181
24229
24251
24337
24359
24373
24379
24391
24419
24421
24439
24443
24473
24499
24509
24527
24551
24593
24611
24671
24677
24683
24691
24697
24781
24799
24809
24821
24841
24847
24851
24907
24919
24923
24953
25031
25037
25097
25111
25147
25243
25247
25253
25261
25303
25307
25309
25321
25339
25349
25367
25373
25423
25447
25457
25523
25577
25579
25583
25589
25603
25609
25633
25667
25703
25717
25747
25759
25793
25801
25819
25841
25847
25849
25867
25873
25913
25951
25969
25997
26003
26021
26029
26041
26099
26107
26141
26171
26183
26189
26203
26209
26249
26251
26261
26309
26317
26321
26339
26371
26387
26399
26407
26423
26431
26437
26449
26479
26497
26513
26633
26641
26647
26669
26681
26687
26699
26711
26713
26729
26731
26737
26783
26833
26861
26863
26879
26881
26891
26927
26947
26987
27011
27043
27059
27067
27073
27103
27107
27143
27197
27239
27253
27329
27337
27361
27409
27431
27449
27479
27481
27487
27581
27611
27631
27673
27689
27691
27697
27733
27739
27763
27767
27791
27793
27799
27803
27847
27883
27917
27919
27941
27947
27953
27967
27997
28001
28019
28027
28051
28057
28081
28097
28099
28109
28111
28123
28163
28181
28183
28201
28211
28219
28229
28277
28283
28289
28319
28403
28411
28447
28477
28493
28499
28517
28537
28547
28559
28571
28579
28591
28603
28607
28619
28627
28649
28657
28661
28687
28751
28759
28771
28813
28837
28843
28901
28921
29023
29027
29059
29063
29129
29167
29173
29191
29209
29221
29243
29303
29327
29333
29347
29363
29383
29411
29423
29437
29531
29537
29567
29569
29573
29587
29611
29633
29641
29671
29683
29717
29761
29803
29819
29837
29851
29863
29867
29879
29917
29921
29947
29959
30013
30047
30071
30103
30109
30113
30187
30203
30269
30271
30293
30319
30323
30341
30347
30367
30389
30391
30403
30493
30497
30517
30553
30559
30593
30661
30677
30697
30713
30727
30757
30763
30773
30781
30803
30817
30829
30839
30841
30851
30859
30881
30893
30911
30937
30977
31033
31051
31079
31081
31091
31121
31139
31153
31159
31177
31189
31219
31223
31247
31253
31259
31267
31271
31277
31307
31319
31327
31357
31379
31387
31391
31393
31513
31517
31531
31547
31567
31583
31601
31607
31627
31657
31667
31687
31699
31721
31723
31729
31741
31751
31769
31793
31849
31859
31957
31973
31981
32003
32009
32027
32029
32059
32063
32083
32099
32117
32119
32141
32159
32173
32183
32189
32213
32299
32303
32309
32323
32327
32341
32363
32369
32381
32429
32443
32467
32491
32497
32503
32531
32533
32537
32579
32603
32609
32611
32621
32653
32693
32713
32719
32749
32771
32779
32803
32843
32869
32933
32941
32969
32971
32993
33013
33023
33029
33049
33071
33083
33107
33113
33151
33179
33199
33203
33223
33289
33311
33347
33391
33409
33413
33457
33469
33479
33493
33503
33529
33547
33563
33577
33589
33599
33613
33617
33623
33637
33647
33703
33713
33739
33749
33751
33769
33773
33797
33811
33827
33871
33923
33967
34031
34033
34057
34061
34127
34183
34211
34217
34273
34283
34303
34313
34327
34361
34367
34369
34403
34421
34429
34439
34469
34471
34483
34487
34511
34519
34543
34589
34631
34649
34651
34687
34721
34729
34739
34757
34781
34807
34819
34843
34847
34849
34913
34939
34949
34961
34963
34981
35027
35059
35089
35099
35107
35111
35159
35171
35227
35251
35257
35267
35281
35311
35323
35327
35339
35353
35381
35401
35419
35437
35447
35461
35507
35521
35527
35531
35537
35569
35603
35671
35677
35729
35731
35899
35911
35923
35933
35951
35963
35977
36011
36061
36067
36073
36097
36107
36109
36131
36151
36161
36191
36217
36241
36263
36277
36293
36299
36341
36343
36353
36373
36383
36389
36433
36451
36469
36473
36479
36527
36529
36559
36563
36571
36599
36643
36653
36677
36683
36697
36721
36739
36781
36791
36793
36809
36833
36847
36871
36887
36913
36919
36973
36979
36997
37021
37039
37087
37123
37139
37189
37199
37201
37273
37277
37307
37309
37357
37361
37379
37397
37423
37447
37463
37483
37489
37501
37507
37517
37529
37537
37547
37549
37571
37573
37657
37691
37693
37699
37747
37781
37831
37871
37879
37889
37897
37951
37957
37963
37987
38039
38047
38069
38119
38149
38177
38197
38219
38237
38273
38281
38317
38377
38393
38459
38593
38639
38651
38671
38693
38699
38711
38713
38747
38749
38783
38851
38867
38953
38971
38977
39043
39089
39097
39103
39119
39133
39181
39191
39209
39229
39239
39241
39251
39293
39301
39323
39341
39343
39367
39371
39439
39443
39461
39509
39511
39521
39551
39623
39659
39667
39709
39727
39733
39761
39769
39791
39799
39821
39827
39839
39841
39847
39863
39869
39877
39901
39929
40009
40031
40037
40039
40111
40127
40129
40151
40163
40193
40231
40237
40343
40351
40357
40387
40429
40459
